NLL: 0.2645721767686156
CE: 0.06430547019053473