NLL: 0.27212559423090565
CE: 0.0654578979717271