NLL: 0.22746083293718514
CE: 0.06263982102908278