NLL: 0.1913409755800661
CE: 0.06040268456375839