NLL: 0.2516069934938845
CE: 0.07829977628635347