NLL: 2.280926083558358
CE: 0.0738255033557047