NLL: 0.3479502206414071
CE: 0.08053691275167785