NLL: 2.2551747435158
CE: 0.0738255033557047