NLL: 0.30058552061418026
CE: 0.09843400447427293