NLL: 0.4063389114618835
CE: 0.09395973154362416