NLL: 0.42913642132308927
CE: 0.10514541387024609