NLL: 2.3993474973128146
CE: 0.1029082774049217