NLL: 0.18241120851546594
CE: 0.058165548098434