NLL: 2.3443431811578055
CE: 0.06935123042505593